-4.7  -3.2  3   1.216  1.166  1.266 
-3.2  -3.0  3   1.384  1.351  1.417
 2.8   3.0  3   1.564  1.243  1.885
-2.8  -2.5  3   1.209  1.150  1.268
-2.5  -2.3  3   1.161  1.113  1.209
-2.3  -2.1  3   1.161  1.101  1.221
-2.1  -1.9  3   1.162  1.118  1.206
-1.9  -1.7  3   1.100  1.067  1.133
-1.7  -1.3  3   1.118  1.104  1.132
-1.3  -1.1  3   1.086  1.058  1.114
-1.1  -0.8  3   1.095  1.078  1.112
-0.8  -0.5  3   1.141  1.122  1.160
-0.5   0.0  3   1.110  1.100  1.120
 0.0   0.5  3   1.110  1.100  1.120     
 0.5   0.8  3   1.141  1.122  1.160
 0.8   1.1  3   1.095  1.078  1.112
 1.1   1.3  3   1.086  1.058  1.114
 1.3   1.7  3   1.118  1.104  1.132
 1.7   1.9  3   1.100  1.067  1.133
 1.9   2.1  3   1.162  1.118  1.206
 2.1   2.3  3   1.160  1.112  1.208
 2.3   2.5  3   1.161  1.101  1.221
 2.5   2.8  3   1.209  1.150  1.268
 2.8   3.0  3   1.564  1.243  1.885
 3.0   3.2  3   1.384  1.351  1.417
 3.2   4.7  3   1.216  1.166  1.266
